0 0.5511111109375 0.1111111109375 0.5511111109375 0.0933333328125 0.5896311109375 0.08 0.64 0.08 0.6638888890625 0.08055555625000001 0.7111111109375 0.08444444375 0.8933333328125 0.08 0.8888888890625 0.0488888890625 0.6 0.062222221875 0.5527777781250001 0.052777778124999994 0.5466666671875 0.017777778124999997 0.5111111109375 0.022222221875 0.5066666671875 0.1111111109375 0.52444444375 0.12 0.542222221875 0.12 0.5511111109375 0.1111111109375
0 0.1319466671875 0.13055555624999998 0.4266666671875 0.1288888890625 0.42222222187499997 0.097777778125 0.1361111109375 0.1111111109375 0.11555555625 0.08 0.11555555625 0.0711111109375 0.057777778125 0.0711111109375 0.0533333328125 0.15555555625 0.062222221875 0.177777778125 0.12 0.17333333281250002 0.1319466671875 0.13055555624999998
0 0.2213333328125 0.23555555625000002 0.5377777781249999 0.24 0.5333333328125 0.20444444375 0.22400000000000003 0.21777777812500002 0.177777778125 0.18222222187499998 0.18222222187499998 0.14666666718750002 0.15555555625 0.20888888906249997 0.15555555625 0.297777778125 0.18222222187499998 0.29333333281249996 0.18222222187499998 0.2488888890625 0.2213333328125 0.23555555625000002
0 0.64 0.20888888906249997 0.7466666671875 0.21777777812500002 0.95555555625 0.21777777812500002 0.9511111109374999 0.177777778125 0.6266666671875 0.1911111109375 0.6044444437500001 0.1688888890625 0.6044444437500001 0.142222221875 0.59555555625 0.12444444375 0.6044444437500001 0.11555555625 0.6 0.1111111109375 0.5822222218750001 0.16 0.5822222218750001 0.27555555625 0.6088888890625 0.27555555625 0.6088888890625 0.2533333328125 0.64 0.20888888906249997
0 0.542222221875 0.4 0.542222221875 0.37555555625000003 0.577777778125 0.342222221875 0.8800000000000001 0.342222221875 0.8755555562499999 0.3066666671875 0.76 0.3066666671875 0.5911111109375 0.32 0.542222221875 0.2866666671875 0.542222221875 0.262222221875 0.51555555625 0.257777778125 0.502222221875 0.2666666671875 0.497777778125 0.337777778125 0.502222221875 0.4 0.5111111109375 0.40444444375 0.542222221875 0.4
0 0.3888888890625 0.4791688890625 0.6888888890625 0.46666666718750005 0.68444444375 0.4266666671875 0.3861111109375 0.4361111109375 0.3688888890625 0.3866666671875 0.32 0.3866666671875 0.31555555625 0.39555555625 0.3111111109375 0.48 0.32 0.5111111109375 0.35555555625 0.51555555625 0.3888888890625 0.4791688890625
0 0.19555555625 0.622222221875 0.2 0.5733333328125 0.4533333328125 0.56444444375 0.4533333328125 0.5288888890625 0.20833333281250002 0.5291688890625 0.18222222187499998 0.4711111109375 0.1111111109375 0.4711111109375 0.0933333328125 0.52444444375 0.07555555625 0.5288888890625 0.0711111109375 0.5733333328125 0.1013911109375 0.5944444437499999 0.1111111109375 0.6311111109375 0.19555555625 0.622222221875
0 0.262222221875 0.6888888890625 0.2711111109375 0.64444444375 0.477777778125 0.6513911109375 0.497777778125 0.6533333328125 0.6088888890625 0.6533333328125 0.6088888890625 0.617777778125 0.562222221875 0.617777778125 0.5319466671875 0.6180577781250001 0.5083333328124999 0.6138888890625 0.48333333281249996 0.6180577781250001 0.45999999999999996 0.617777778125 0.2666666671875 0.622222221875 0.257777778125 0.5911111109375 0.23555555625000002 0.59555555625 0.2266666671875 0.6311111109375 0.23555555625000002 0.6888888890625 0.257777778125 0.6799999999999999 0.262222221875 0.6888888890625
0 0.502222221875 0.75555555625 0.497777778125 0.7111111109375 0.5066666671875 0.6977777781250001 0.8 0.6933333328125 0.8355555562499999 0.7022222218749999 0.8488888890625 0.67555555625 0.8444444437499999 0.662222221875 0.542222221875 0.662222221875 0.497777778125 0.6488888890625 0.5111111109375 0.6266666671875 0.502222221875 0.6088888890625 0.5111111109375 0.5911111109375 0.497777778125 0.6 0.47555555624999996 0.64444444375 0.4711111109375 0.7066666671874999 0.47555555624999996 0.75555555625 0.48444444375 0.76 0.502222221875 0.75555555625
0 0.08333333281250001 0.797222221875 0.2533333328125 0.79555555625 0.4311111109375 0.79555555625 0.4266666671875 0.76 0.09444444375 0.76528 0.07555555625 0.727777778125 0.07555555625 0.657777778125 0.057777778125 0.72 0.057777778125 0.8711111109375 0.08 0.8711111109375 0.08 0.8400000000000001 0.08333333281250001 0.797222221875
0 0.675 0.8083333328125001 0.977777778125 0.8088888890625 0.977777778125 0.782222221875 0.9688888890625 0.777777778125 0.68444444375 0.777777778125 0.662222221875 0.7688888890625 0.6488888890625 0.7288888890624999 0.6 0.7288888890624999 0.5911111109375 0.737777778125 0.6 0.862222221875 0.6488888890625 0.862222221875 0.675 0.8083333328125001
0 0.1916666671875 0.9430577781249999 0.5066666671875 0.9333333328125001 0.51555555625 0.92444444375 0.5066666671875 0.8977777781249999 0.19028 0.9152799999999999 0.17333333281250002 0.8933333328125 0.16444444375 0.8711111109375 0.142222221875 0.8711111109375 0.13333333281249998 0.88444444375 0.15555555625 0.977777778125 0.17333333281250002 0.977777778125 0.1916666671875 0.9430577781249999
0 0.6088888890625 0.96 0.6044444437500001 0.9466666671875 0.5958355562500001 0.9152799999999999 0.8133333328125 0.9066666671875 0.92444444375 0.8977777781249999 0.91555555625 0.8711111109375 0.7866666671875 0.8755555562499999 0.617777778125 0.8933333328125 0.5866666671874999 0.8888888890625 0.5733333328125 0.8800000000000001 0.56444444375 0.8444444437499999 0.5511111109375 0.8400000000000001 0.5466666671875 0.862222221875 0.56444444375 0.9733333328124999 0.6 0.9688888890625 0.6088888890625 0.96