1 0.7991071421875 0.75 0.8348214281249999 0.7232142859375 0.9464285718750001 0.6651785718750001 0.9553571421875 0.6428571421875 0.9464285718750001 0.6294642859375 0.9285714281249999 0.6294642859375 0.7723214281249999 0.7232142859375 0.7544642859375 0.75 0.6116071421875 0.8303571421875 0.6071428578125 0.8392857140625001 0.6339285718750001 0.8303571421875 0.7589285718750001 0.7544642859375 0.7991071421875 0.75
1 0.8169642859374999 0.65625 0.8482142859374999 0.6205357140625 0.8303571421875 0.5848214281249999 0.8080357140625001 0.5803571421875 0.7723214281249999 0.6026785718750001 0.71875 0.6607142859375 0.7220777546875 0.6740252953125 0.7053571421875 0.6875 0.6428571421875 0.7276785718750001 0.6383928578125 0.7410714281249999 0.6473214281249999 0.7455357140625 0.6830357140625 0.71875 0.7296339281249999 0.6919642859375 0.8169642859374999 0.65625
1 0.6964285718750001 0.6294642859375 0.7142857140625 0.6205357140625 0.7455357140625 0.5848214281249999 0.7678571421875 0.5758928578125 0.8080357140625001 0.5491071421875 0.8526785718750001 0.5 0.8482142859374999 0.48660714218749995 0.8303571421875 0.46428571406249997 0.8169642859374999 0.459821428125 0.7455357140625 0.5133928578125 0.6741071421875 0.5892857140625 0.6964285718750001 0.6160714281249999 0.6919642859375 0.625 0.6964285718750001 0.6294642859375
1 0.5329241078125 0.7519553578125 0.5446428578125 0.7410714281249999 0.5625 0.7276785718750001 0.6785714281249999 0.625 0.6830357140625 0.6160714281249999 0.6696428578125 0.6160714281249999 0.6724330359375 0.6166294640625 0.64453125 0.6333705359375 0.6417410718750001 0.6417410718750001 0.5245535718750001 0.7435848218750001 0.491071428125 0.7723214281249999 0.49553571406249997 0.78125 0.5178571421875 0.7633928578125 0.5329241078125 0.7519553578125
1 0.09375 0.7142857140625 0.1743883921875 0.43666071406249996 0.20982142812500001 0.38392857187499996 0.2142857140625 0.34375 0.25892857187499996 0.25446428593750003 0.2633928578125 0.21875 0.25 0.1875 0.2321428578125 0.178571428125 0.2008928578125 0.1875 0.1696428578125 0.27232142812500004 0.147321428125 0.3883928578125 0.163227678125 0.4255 0.0758928578125 0.7232142859375 0.09375 0.7142857140625
1 0.1875 0.625 0.25 0.46428571406249997 0.28125 0.428571428125 0.30803571406249997 0.35267857187499996 0.34375 0.2991071421875 0.3571428578125 0.2455357140625 0.33928571406249997 0.2142857140625 0.32142857187499996 0.20982142812500001 0.2946428578125 0.2321428578125 0.2455357140625 0.37946428593750003 0.24107142812500001 0.41964285781250005 0.25 0.44196428593750003 0.1875 0.6026785718750001 0.1875 0.625
1 0.339008928125 0.45758928593750003 0.35267857187499996 0.45089285781250005 0.41964285781250005 0.3258928578125 0.43303571406249997 0.28571428593750003 0.42410714218749995 0.25 0.40178571406249997 0.24107142812500001 0.37946428593750003 0.25446428593750003 0.3125 0.415178571875 0.32087053593750003 0.45898660781249995 0.25446428593750003 0.625 0.25446428593750003 0.6428571421875 0.339008928125 0.45758928593750003
1 0.3948125 0.47433035781250005 0.3616071421875 0.5267857140625 0.3616071421875 0.5446428578125 0.36607142812500004 0.5446428578125 0.41573660781250005 0.471540178125 0.42829464218749996 0.46875 0.46875 0.415178571875 0.48214285781250005 0.3883928578125 0.48660714218749995 0.3616071421875 0.46428571406249997 0.34375 0.4375 0.34375 0.41071428593750003 0.38392857187499996 0.40625 0.415178571875 0.3928571421875 0.446428571875 0.39732142812500004 0.46875 0.3948125 0.47433035781250005
1 0.46875 0.491071428125 0.477678571875 0.491071428125 0.5357142859375 0.42410714218749995 0.5625 0.37946428593750003 0.5848214281249999 0.3571428578125 0.5848214281249999 0.34375 0.5714285718750001 0.33482142812500004 0.5625 0.33482142812500004 0.5535714281249999 0.34375 0.46735714218749996 0.47712053593750003 0.4296875 0.5329241078125 0.39732142812500004 0.5758928578125 0.3928571421875 0.5892857140625 0.42410714218749995 0.5535714281249999 0.45089285781250005 0.5089285718750001 0.46875 0.491071428125
1 0.46875 0.5982142859375 0.45089285781250005 0.625 0.4450357140625 0.6319776781249999 0.43303571406249997 0.6473214281249999 0.34375 0.7633928578125 0.33928571406249997 0.7946428578125 0.5385044640625 0.5343214281249999 0.5669642859375 0.5223214281249999 0.6741071421875 0.40625 0.7098214281249999 0.35267857187499996 0.7053571421875 0.3125 0.6919642859375 0.2991071421875 0.6517857140625 0.30803571406249997 0.53125 0.47321428593750003 0.5287410718750001 0.5217633921875 0.48660714218749995 0.5758928578125 0.48270089218749995 0.5817544640625 0.46875 0.5982142859375
1 0.7678571421875 0.45535714218749995 0.7901785718750001 0.41071428593750003 0.7767857140625 0.375 0.7321428578125 0.38392857187499996 0.6919642859375 0.42410714218749995 0.6160714281249999 0.5223214281249999 0.5998883921875 0.5747767859375 0.5535714281249999 0.625 0.5426919640625 0.6361607140625 0.49553571406249997 0.6875 0.47321428593750003 0.7142857140625 0.4645669640625 0.7254464281249999 0.446428571875 0.7455357140625 0.38392857187499996 0.8169642859374999 0.38392857187499996 0.8348214281249999 0.6180267859375 0.5817544640625 0.6473214281249999 0.5714285718750001 0.7678571421875 0.45535714218749995