0 0.5815899578125 0.1090047390625 0.7949790796875 0.23696682500000002 0.8158995812500001 0.20379146874999998 0.8158995812500001 0.194312796875 0.8033472796875 0.1848341234375 0.6025104609375 0.08530805625 0.594142259375 0.075829384375 0.594142259375 0.033175354687500005 0.56903765625 0.018957345312500002 0.5271966531250001 0.042654028125 0.5062761499999999 0.07109004687500001 0.50209205 0.1137440765625 0.5104602515625001 0.1137440765625 0.5271966531250001 0.132701421875 0.5815899578125 0.1090047390625
0 0.7196652718750001 0.3507109 0.7531380750000001 0.3317535546875 0.966527196875 0.43601895781250005 0.9832635984375001 0.41706161093749994 0.9790794984375 0.38862559218750004 0.7698744765625001 0.30805687187499997 0.7615062765625 0.25592417031250003 0.7489539749999999 0.24170616093750003 0.7196652718750001 0.24170616093750003 0.6736401671875 0.2985781984375 0.661087865625 0.3317535546875 0.6778242671875 0.35545023750000004 0.7071129703125 0.369668246875 0.7196652718750001 0.3507109
0 0.37656903750000004 0.1374407578125 0.405857740625 0.1374407578125 0.5481171546875 0.222748815625 0.6108786609375 0.251184834375 0.6359832640625 0.279620853125 0.6527196656250001 0.246445496875 0.6527196656250001 0.22748815156250002 0.4769874484375 0.15639810468749998 0.4184100421875 0.1232227484375 0.4225941421875 0.09004739375000001 0.44351464375000005 0.0805687203125 0.43933054374999997 0.0663507109375 0.401673640625 0.07109004687500001 0.3556485359375 0.1137440765625 0.351464434375 0.132701421875 0.3347280328125 0.1516587671875 0.3556485359375 0.1706161140625 0.37656903750000004 0.1374407578125
0 0.4225941421875 0.35545023750000004 0.42677824218750005 0.336492890625 0.46025104531250005 0.32227488125 0.744769875 0.4644549765625 0.7615062765625 0.45497630312500004 0.7615062765625 0.42654028437499997 0.4853556484375 0.3033175359375 0.4853556484375 0.2748815171875 0.50209205 0.26540284375 0.50209205 0.246445496875 0.4769874484375 0.246445496875 0.44351464375000005 0.26066350781250003 0.4142259421875 0.2938388625 0.39330543906250004 0.3317535546875 0.39330543906250004 0.34597156406249996 0.41004184062500004 0.3601895734375 0.4225941421875 0.35545023750000004
0 0.19246861875000001 0.2985781984375 0.1966527203125 0.279620853125 0.2301255234375 0.279620853125 0.246861925 0.2890995265625 0.2594142265625 0.2890995265625 0.288702928125 0.3127962078125 0.32635983281250003 0.32701421875 0.338912134375 0.341232228125 0.351464434375 0.3317535546875 0.3556485359375 0.3033175359375 0.347280334375 0.2938388625 0.30543933125 0.2701421796875 0.2970711296875 0.26066350781250003 0.2594142265625 0.246445496875 0.246861925 0.222748815625 0.2594142265625 0.21327014218749998 0.25523012500000003 0.1990521328125 0.217573221875 0.20853080624999998 0.19246861875000001 0.23222748750000002 0.1673640171875 0.2748815171875 0.1673640171875 0.2890995265625 0.1757322171875 0.2985781984375 0.19246861875000001 0.2985781984375
0 0.06694560625 0.4218009484375 0.1087866109375 0.4075829390625 0.3221757328125 0.5118483406250001 0.34309623437500003 0.5308056875 0.3556485359375 0.516587678125 0.3556485359375 0.488151659375 0.3305439328125 0.48341232187500005 0.13389121406249999 0.39336492968750003 0.1297071125 0.364928909375 0.1422594140625 0.35545023750000004 0.13389121406249999 0.336492890625 0.10041840937499999 0.341232228125 0.0753138078125 0.35545023750000004 0.0543933046875 0.38388625625 0.037656903125 0.41706161093749994 0.037656903125 0.42654028437499997 0.0543933046875 0.44075829375 0.06694560625 0.4218009484375
0 0.69037656875 0.5687203796875 0.7071129703125 0.5497630328125 0.7280334734375 0.5497630328125 0.962343096875 0.6872037921875 0.9748953968749999 0.67772511875 0.9790794984375 0.658767771875 0.970711296875 0.6492891000000001 0.744769875 0.5355450234375 0.7405857734375 0.4928909953125 0.7280334734375 0.47867298593749996 0.6778242671875 0.5118483406250001 0.656903765625 0.545023696875 0.656903765625 0.5545023703124999 0.6736401671875 0.5687203796875 0.69037656875 0.5687203796875
0 0.4225941421875 0.55924170625 0.42677824218750005 0.5402843609375 0.46025104531250005 0.52606635 0.69037656875 0.6255924171875 0.7029288703125001 0.6398104265625 0.711297071875 0.635071090625 0.711297071875 0.5924170609375 0.4895397484375 0.5118483406250001 0.4811715484375 0.488151659375 0.50209205 0.47867298593749996 0.49790795 0.4597156390625 0.4518828453125 0.4691943125 0.42677824218750005 0.488151659375 0.405857740625 0.5308056875 0.39330543906250004 0.5402843609375 0.405857740625 0.5639810421875 0.4225941421875 0.55924170625
0 0.0794979078125 0.587677725 0.3221757328125 0.6872037921875 0.347280334375 0.6966824640625 0.3556485359375 0.6919431281249999 0.3556485359375 0.6682464453125 0.0836820078125 0.57011374375 0.093527196875 0.545023696875 0.087866109375 0.5355450234375 0.050209204687499995 0.5687203796875 0.050209204687499995 0.5781990515625 0.033472803125 0.5971563984375 0.033472803125 0.6113744078125001 0.0794979078125 0.587677725
0 0.49790795 0.6872037921875 0.5188284515625 0.67298578125 0.7322175734374999 0.7677725125 0.7489539749999999 0.763033175 0.7489539749999999 0.7440758296875 0.7364016734375001 0.73459715625 0.525472803125 0.6509620859374999 0.5271966531250001 0.6113744078125001 0.50209205 0.587677725 0.4769874484375 0.587677725 0.43933054374999997 0.6445497625 0.42677824218750005 0.67772511875 0.472803346875 0.7109004734375 0.4853556484375 0.7109004734375 0.49790795 0.6872037921875
0 0.5188284515625 0.805687203125 0.758058578125 0.9297440765625 0.7656903765624999 0.9194312796874999 0.7679037656250001 0.8962938390625 0.5439330546875001 0.7903554500000001 0.535564853125 0.7725118484375 0.5397489546875 0.7488151656250001 0.5188284515625 0.7251184828125 0.50209205 0.720379146875 0.4518828453125 0.7772511843750001 0.44351464375000005 0.8009478671875 0.4769874484375 0.8341232234374999 0.49372385 0.8341232234374999 0.5188284515625 0.805687203125