1 0.17333333281250002 0.30222222187500003 0.19555555625 0.297777778125 0.20444444375 0.30222222187500003 0.2266666671875 0.2888888890625 0.24444444375000002 0.2888888890625 0.27555555625 0.2711111109375 0.27555555625 0.2488888890625 0.257777778125 0.2266666671875 0.23555555625000002 0.2311111109375 0.2266666671875 0.24 0.2133333328125 0.24444444375000002 0.2 0.257777778125 0.1866666671875 0.262222221875 0.17333333281250002 0.28444444375 0.142222221875 0.297777778125 0.1288888890625 0.3111111109375 0.13333333281249998 0.31555555625 0.142222221875 0.31555555625 0.17333333281250002 0.30222222187500003
1 0.2888888890625 0.297777778125 0.3066666671875 0.2888888890625 0.3466666671875 0.2888888890625 0.3866666671875 0.2711111109375 0.40444444375 0.262222221875 0.41777777812499994 0.2488888890625 0.41777777812499994 0.23555555625000002 0.4 0.2133333328125 0.382222221875 0.2133333328125 0.3288888890625 0.24444444375000002 0.30222222187500003 0.27999999999999997 0.27999999999999997 0.2888888890625 0.27999999999999997 0.297777778125 0.2888888890625 0.297777778125
1 0.40888888906250004 0.30222222187500003 0.41777777812499994 0.29333333281249996 0.44888888906249996 0.2888888890625 0.4711111109375 0.27555555625 0.5066666671875 0.2666666671875 0.5599999999999999 0.2311111109375 0.5555555562500001 0.2133333328125 0.5466666671875 0.20444444375 0.5377777781249999 0.20444444375 0.48444444375 0.2311111109375 0.462222221875 0.2533333328125 0.44000000000000006 0.262222221875 0.4 0.297777778125 0.337777778125 0.3288888890625 0.3333333328125 0.3333333328125 0.3466666671875 0.3333333328125 0.37333333281250003 0.31555555625 0.40888888906250004 0.30222222187500003
1 0.497777778125 0.32 0.5866666671874999 0.27999999999999997 0.6088888890625 0.2666666671875 0.6266666671875 0.2488888890625 0.6266666671875 0.24 0.617777778125 0.2266666671875 0.6 0.2266666671875 0.5555555562500001 0.24444444375000002 0.52444444375 0.2666666671875 0.48444444375 0.28444444375 0.48 0.30222222187500003 0.35555555625 0.36444444374999996 0.342222221875 0.37333333281250003 0.342222221875 0.382222221875 0.4533333328125 0.3288888890625 0.497777778125 0.32
1 0.5599999999999999 0.35111111093749997 0.6088888890625 0.3288888890625 0.6799999999999999 0.2888888890625 0.68444444375 0.2711111109375 0.67555555625 0.257777778125 0.63555555625 0.262222221875 0.5377777781249999 0.31555555625 0.5333333328125 0.32444444375 0.5377777781249999 0.3288888890625 0.52444444375 0.342222221875 0.39555555625 0.40888888906250004 0.3911111109375 0.41777777812499994 0.40444444375 0.41777777812499994 0.5333333328125 0.3466666671875 0.5599999999999999 0.35111111093749997
1 0.58055555625 0.4 0.6 0.397222221875 0.7361111109375 0.3291688890625 0.742222221875 0.3066666671875 0.7288888890624999 0.2888888890625 0.6977777781250001 0.29333333281249996 0.5688888890625 0.36 0.5599999999999999 0.3866666671875 0.43555555625000003 0.44444444375 0.42222222187499997 0.4533333328125 0.42222222187499997 0.46666666718750005 0.43555555625000003 0.46666666718750005 0.58055555625 0.4
1 0.6933333328125 0.40888888906250004 0.7911111109375 0.36444444374999996 0.8222222218749999 0.337777778125 0.8222222218749999 0.32444444375 0.8088888890625 0.3111111109375 0.782222221875 0.31555555625 0.6583333328125 0.39444444375 0.4311111109375 0.5111111109375 0.4266666671875 0.52 0.44444444375 0.52 0.67083555625 0.40694666718750006 0.6933333328125 0.40888888906250004
1 0.7333333328125 0.4361111109375 0.7263911109375 0.44444444375 0.7511111109375 0.44888888906249996 0.7733333328125 0.4311111109375 0.8088888890625 0.42222222187499997 0.902222221875 0.3688888890625 0.902222221875 0.3466666671875 0.88444444375 0.3333333328125 0.8400000000000001 0.3466666671875 0.76 0.39555555625 0.7288888890624999 0.40444444375 0.71528 0.43333333281249997 0.4933333328125 0.542222221875 0.48444444375 0.5511111109375 0.4888888890625 0.5599999999999999 0.71528 0.45555555625000005 0.7333333328125 0.4361111109375
1 0.67555555625 0.7511111109375 0.68444444375 0.75555555625 0.6888888890625 0.7511111109375 0.7066666671874999 0.76 0.7333333328125 0.76 0.737777778125 0.75555555625 0.76 0.75555555625 0.76444444375 0.76 0.7688888890625 0.75555555625 0.8 0.75555555625 0.8044444437499999 0.7511111109375 0.8222222218749999 0.7511111109375 0.8266666671875 0.7466666671875 0.8266666671875 0.7244444437500001 0.8177777781250001 0.71555555625 0.8088888890625 0.71555555625 0.8044444437499999 0.72 0.777777778125 0.72 0.7733333328125 0.7244444437500001 0.75555555625 0.7244444437500001 0.7333333328125 0.7333333328125 0.7066666671874999 0.7333333328125 0.7022222218749999 0.737777778125 0.64444444375 0.7511111109375 0.64 0.75555555625 0.622222221875 0.75555555625 0.617777778125 0.76 0.6488888890625 0.76 0.6533333328125 0.75555555625 0.67555555625 0.7511111109375
1 0.5866666671874999 0.7466666671875 0.6533333328125 0.7333333328125 0.657777778125 0.7022222218749999 0.6533333328125 0.6977777781250001 0.5733333328125 0.7022222218749999 0.5041688890625 0.725 0.36444444374999996 0.737777778125 0.35555555625 0.7466666671875 0.50555555625 0.7416666671875001 0.5236133328125 0.7430577781250001 0.5866666671874999 0.7466666671875
1 0.7066666671874999 0.6933333328125 0.7111111109375 0.6888888890625 0.7466666671875 0.6888888890625 0.7511111109375 0.6933333328125 0.8355555562499999 0.6888888890625 0.8400000000000001 0.68444444375 0.8577777781249999 0.68444444375 0.862222221875 0.6799999999999999 0.862222221875 0.6533333328125 0.8577777781249999 0.6488888890625 0.8488888890625 0.6533333328125 0.8222222218749999 0.6533333328125 0.8177777781250001 0.657777778125 0.8 0.657777778125 0.75 0.6777777781250001 0.67555555625 0.6888888890625 0.6711111109375001 0.6933333328125 0.6799999999999999 0.6933333328125 0.68444444375 0.6888888890625 0.7066666671874999 0.6933333328125
1 0.48 0.68444444375 0.5733333328125 0.6799999999999999 0.56528 0.6736133328125 0.59555555625 0.6799999999999999 0.67555555625 0.67555555625 0.6933333328125 0.6666666671875 0.7111111109375 0.6666666671875 0.7111111109375 0.64 0.7066666671874999 0.63555555625 0.6311111109375 0.64 0.59555555625 0.6533333328125 0.56528 0.65972444375 0.4311111109375 0.6799999999999999 0.4266666671875 0.6888888890625 0.44888888906249996 0.6888888890625 0.46666666718750005 0.67555555625 0.48 0.68444444375
1 0.11555555625 0.4888888890625 0.12444444375 0.51555555625 0.142222221875 0.52444444375 0.16444444375 0.5511111109375 0.2133333328125 0.63555555625 0.225 0.6569466671875 0.23555555625000002 0.6533333328125 0.16388888906250001 0.52083555625 0.16444444375 0.5066666671875 0.16444444375 0.4888888890625 0.12 0.40888888906250004 0.0888888890625 0.37333333281250003 0.0711111109375 0.37333333281250003 0.062222221875 0.382222221875 0.057777778125 0.3911111109375 0.062222221875 0.41333333281250006 0.0933333328125 0.4711111109375 0.11555555625 0.4888888890625
1 0.16444444375 0.462222221875 0.1911111109375 0.48444444375 0.24444444375000002 0.577777778125 0.2711111109375 0.6044444437500001 0.2611111109375 0.5763911109375 0.19555555625 0.4711111109375 0.19555555625 0.44444444375 0.17333333281250002 0.4 0.137777778125 0.35555555625 0.12 0.36 0.11555555625 0.3866666671875 0.1288888890625 0.41333333281250006 0.16 0.44888888906249996 0.16444444375 0.462222221875
1 0.21777777812500002 0.457777778125 0.2311111109375 0.462222221875 0.24444444375000002 0.47555555624999996 0.27999999999999997 0.5377777781249999 0.297777778125 0.5599999999999999 0.30222222187500003 0.5511111109375 0.2541688890625 0.46944444374999994 0.2488888890625 0.44000000000000006 0.2266666671875 0.39555555625 0.1911111109375 0.35111111093749997 0.177777778125 0.35111111093749997 0.16444444375 0.36444444374999996 0.177777778125 0.4 0.2133333328125 0.44444444375 0.21777777812500002 0.457777778125
1 0.23555555625000002 0.40888888906250004 0.257777778125 0.4266666671875 0.262222221875 0.44000000000000006 0.27555555625 0.44444444375 0.2888888890625 0.457777778125 0.32444444375 0.52 0.34028 0.54444444375 0.3513911109375 0.5416666671875 0.34583555625 0.527777778125 0.3066666671875 0.47555555624999996 0.28750222187499996 0.43055555625 0.257777778125 0.35555555625 0.24444444375000002 0.3466666671875 0.23555555625000002 0.3333333328125 0.21777777812500002 0.3333333328125 0.20888888906249997 0.342222221875 0.20888888906249997 0.36 0.222222221875 0.3866666671875 0.23555555625000002 0.40888888906250004
1 0.3111111109375 0.43555555625000003 0.32444444375 0.44000000000000006 0.337777778125 0.4533333328125 0.377777778125 0.52 0.39555555625 0.5333333328125 0.3866666671875 0.5111111109375 0.33888888906250003 0.4361111109375 0.342222221875 0.42222222187499997 0.3111111109375 0.3688888890625 0.27999999999999997 0.3288888890625 0.2666666671875 0.3288888890625 0.262222221875 0.3333333328125 0.257777778125 0.35111111093749997 0.27555555625 0.3911111109375 0.3066666671875 0.42222222187499997 0.3111111109375 0.43555555625000003
1 0.8194444437499999 0.46666666718750005 0.902222221875 0.457777778125 0.9333333328125001 0.44888888906249996 0.937777778125 0.43555555625000003 0.9333333328125001 0.42222222187499997 0.902222221875 0.42222222187499997 0.8533333328125 0.43555555625000003 0.8125022218750001 0.4541688890625 0.7333333328125 0.47555555624999996 0.7319466671875 0.47361333281249995 0.7111111109375 0.48 0.6977777781250001 0.48444444375 0.6888888890625 0.4933333328125 0.75 0.4861111109375 0.8069466671875001 0.47361333281249995 0.8194444437499999 0.46666666718750005