1 0.3089430890625 0.15121951250000001 0.31300812968749997 0.15121951250000001 0.3292682921875 0.17560975625 0.34552845468750004 0.21463414687500001 0.3536585359375 0.22439024375 0.3495934953125 0.2 0.3373983734375 0.1707317078125 0.3292682921875 0.112195121875 0.3170731703125 0.08292682968750001 0.3048780484375 0.0682926828125 0.2967479671875 0.0682926828125 0.28861788593750004 0.07804878125 0.2926829265625 0.1170731703125 0.3089430890625 0.14146341406250001 0.3089430890625 0.15121951250000001
1 0.3414634140625 0.136585365625 0.3577235765625 0.1560975609375 0.3617886171875 0.1951219515625 0.3658536578125 0.2 0.3658536578125 0.21463414687500001 0.36991869843749997 0.21951219531250002 0.36991869843749997 0.190243903125 0.3658536578125 0.185365853125 0.3658536578125 0.14634146406249998 0.36991869843749997 0.1317073171875 0.3658536578125 0.12195121874999999 0.3658536578125 0.087804878125 0.3577235765625 0.063414634375 0.3536585359375 0.058536585937499996 0.3414634140625 0.058536585937499996 0.3373983734375 0.063414634375 0.3373983734375 0.1170731703125 0.3414634140625 0.12195121874999999 0.3414634140625 0.136585365625
1 0.3861788625 0.1707317078125 0.3861788625 0.1804878046875 0.390243903125 0.185365853125 0.390243903125 0.209756096875 0.39430894375 0.2048780484375 0.40243902499999995 0.112195121875 0.40650406562499997 0.10731707343750001 0.40650406562499997 0.07317073125 0.398373984375 0.053658535937499995 0.3861788625 0.053658535937499995 0.382113821875 0.058536585937499996 0.37804878125 0.0682926828125 0.37804878125 0.12682926875 0.390243903125 0.1658536578125 0.3861788625 0.1707317078125
1 0.40650406562499997 0.209756096875 0.41056910625 0.209756096875 0.414634146875 0.2 0.414634146875 0.185365853125 0.4186991875 0.1804878046875 0.4186991875 0.1658536578125 0.422764228125 0.160975609375 0.4186991875 0.14146341406250001 0.44308943125000005 0.12682926875 0.44308943125000005 0.10243902499999999 0.455284553125 0.08292682968750001 0.455284553125 0.048780487500000004 0.44715447187499996 0.039024390625 0.43902439062500004 0.039024390625 0.430894309375 0.048780487500000004 0.422764228125 0.07317073125 0.422764228125 0.087804878125 0.4186991875 0.0926829265625 0.414634146875 0.1170731703125 0.4186991875 0.1317073171875 0.414634146875 0.17560975625 0.41056910625 0.1804878046875 0.40650406562499997 0.209756096875
1 0.4512195125 0.190243903125 0.467479675 0.14634146406249998 0.47560975625 0.136585365625 0.47967479687500003 0.136585365625 0.49186991874999997 0.1170731703125 0.495934959375 0.1170731703125 0.50813008125 0.087804878125 0.50813008125 0.07317073125 0.5121951218749999 0.0682926828125 0.5121951218749999 0.048780487500000004 0.50813008125 0.039024390625 0.49186991874999997 0.039024390625 0.47967479687500003 0.053658535937499995 0.45934959375 0.10731707343750001 0.45934959375 0.14146341406250001 0.44308943125000005 0.1804878046875 0.43902439062500004 0.209756096875 0.4512195125 0.190243903125
1 0.467479675 0.209756096875 0.467479675 0.2048780484375 0.48373983750000005 0.185365853125 0.48373983750000005 0.1804878046875 0.5 0.1560975609375 0.55691056875 0.1170731703125 0.560975609375 0.087804878125 0.560975609375 0.053658535937499995 0.552845528125 0.0439024390625 0.544715446875 0.0439024390625 0.504065040625 0.07317073125 0.504065040625 0.07804878125 0.495934959375 0.087804878125 0.5 0.0926829265625 0.5 0.112195121875 0.45934959375 0.209756096875 0.467479675 0.209756096875
1 0.6382113828125 0.21463414687500001 0.6626016265625 0.21951219531250002 0.6991869921875 0.1951219515625 0.7113821140625001 0.1951219515625 0.7560975609375 0.1560975609375 0.7642276421875 0.14146341406250001 0.7601626015625 0.12682926875 0.7357723578125 0.12682926875 0.6869918703125 0.15121951250000001 0.6666666671875 0.17560975625 0.6504065046874999 0.1804878046875 0.6341463421875 0.209756096875 0.495934959375 0.2926829265625 0.48780487812500006 0.30731707343750003 0.5121951218749999 0.30243902500000003 0.52439024375 0.287804878125 0.6382113828125 0.21463414687500001
1 0.62195121875 0.185365853125 0.6300813015625 0.190243903125 0.6788617890624999 0.160975609375 0.7195121953125 0.1170731703125 0.7195121953125 0.09756097500000001 0.6991869921875 0.0926829265625 0.6504065046874999 0.12195121874999999 0.6300813015625 0.14634146406249998 0.617886178125 0.15121951250000001 0.585365853125 0.1951219515625 0.495934959375 0.2585365859375 0.47560975625 0.287804878125 0.48373983750000005 0.287804878125 0.597560975 0.1951219515625 0.62195121875 0.185365853125
1 0.7601626015625 0.3317073171875 0.7642276421875 0.336585365625 0.8292682921875001 0.32682926874999996 0.91056910625 0.2926829265625 0.91056910625 0.263414634375 0.8983739843749999 0.2536585359375 0.8170731703125 0.263414634375 0.6422764234375 0.336585365625 0.6382113828125 0.3463414640625 0.7113821140625001 0.3414634140625 0.7195121953125 0.3317073171875 0.7601626015625 0.3317073171875
1 0.5365853656249999 0.43902439062500004 0.5365853656249999 0.45365853593749994 0.528455284375 0.47317073125000003 0.528455284375 0.48780487812500006 0.5365853656249999 0.4829268296875 0.5365853656249999 0.46829268281249997 0.544715446875 0.4487804875 0.560975609375 0.43902439062500004 0.569105690625 0.42926829218749996 0.569105690625 0.41951219531249995 0.5813008125 0.4048780484375 0.585365853125 0.3951219515625 0.585365853125 0.3804878046875 0.58943089375 0.37560975625 0.58943089375 0.3512195125 0.5772357718750001 0.336585365625 0.55691056875 0.336585365625 0.5365853656249999 0.3804878046875 0.5365853656249999 0.4048780484375 0.528455284375 0.414634146875 0.528455284375 0.42439024375 0.5365853656249999 0.43902439062500004
1 0.455284553125 0.5073170734375 0.463414634375 0.5073170734375 0.48373983750000005 0.4585365859375 0.49186991874999997 0.4585365859375 0.5 0.4487804875 0.5 0.4341463421875 0.50813008125 0.42926829218749996 0.520325203125 0.409756096875 0.520325203125 0.385365853125 0.52439024375 0.3804878046875 0.52439024375 0.3707317078125 0.5162601625 0.3560975609375 0.50813008125 0.3512195125 0.495934959375 0.3512195125 0.48780487812500006 0.3560975609375 0.48373983750000005 0.3707317078125 0.471544715625 0.390243903125 0.467479675 0.41951219531249995 0.45934959375 0.4341463421875 0.467479675 0.45365853593749994 0.467479675 0.46829268281249997 0.455284553125 0.4926829265625 0.455284553125 0.5073170734375
1 0.41056910625 0.45365853593749994 0.4186991875 0.4439024390625 0.42682926875 0.41951219531249995 0.44715447187499996 0.409756096875 0.455284553125 0.4 0.463414634375 0.3804878046875 0.467479675 0.3804878046875 0.467479675 0.37560975625 0.47560975625 0.3658536578125 0.47967479687500003 0.3512195125 0.47967479687500003 0.32195121875 0.471544715625 0.312195121875 0.4512195125 0.312195121875 0.430894309375 0.3414634140625 0.42682926875 0.3512195125 0.42682926875 0.3658536578125 0.4186991875 0.3804878046875 0.4186991875 0.4 0.422764228125 0.414634146875 0.40650406562499997 0.4487804875 0.41056910625 0.45365853593749994
1 0.3577235765625 0.43902439062500004 0.3861788625 0.41951219531249995 0.390243903125 0.4048780484375 0.41056910625 0.3804878046875 0.414634146875 0.3707317078125 0.414634146875 0.3560975609375 0.4186991875 0.3512195125 0.4186991875 0.3317073171875 0.40243902499999995 0.3170731703125 0.3861788625 0.32195121875 0.3658536578125 0.3560975609375 0.3658536578125 0.3707317078125 0.3536585359375 0.3951219515625 0.3577235765625 0.42439024375 0.3414634140625 0.463414634375 0.3495934953125 0.463414634375 0.3577235765625 0.43902439062500004