2 0.6106770828125 0.22435174687499998 0.6197916671875 0.24126268281250002 0.6484375 0.245772265625 0.6575520828125 0.2333709125 0.66015625 0.2119503953125 0.6458333328125 0.18940247968749999 0.6471354171875 0.07891770000000001 0.6614583328125 0.0473506203125 0.6458333328125 0.012401353125 0.6380208328125 0.01465614375 0.6184895828125 0.0417136421875 0.6276041671875 0.0721533265625 0.6263020828125 0.1905298765625 0.6119791671875 0.2119503953125 0.6106770828125 0.22435174687499998
2 0.6419270828125 0.288613303125 0.66015625 0.3258173625 0.6653645828125 0.2897406984375 0.67578125 0.2841037203125 0.6966145828125 0.2863585125 0.7096354171875 0.306651634375 0.7161458328125 0.32807215312500004 0.7278645828125 0.31454340468750003 0.7369791671875 0.28297632500000003 0.7018229171875 0.246223225 0.7044270828125 0.040586245312500005 0.6888020828125 0.0360766625 0.6809895828125 0.0428410375 0.6770833328125 0.24539684374999998 0.6705729171875 0.2593010140625 0.6419270828125 0.2784667421875 0.6419270828125 0.288613303125
2 0.9427083328125001 0.754227734375 0.9466145828125001 0.7519729421875 0.9544270828125001 0.6617812859375001 0.9479166671874999 0.647125140625 0.94140625 0.6448703499999999 0.9322916671874999 0.6459977453125 0.9192708328125001 0.6561443062500001 0.9166666671874999 0.6708004515625 0.9283854171874999 0.7001127390625 0.9283854171874999 0.7519729421875 0.9427083328125001 0.754227734375
2 0.8606770828125001 0.9458850062499999 0.87109375 0.962795940625 0.8802083328125001 0.9673055250000001 0.8997395828125001 0.9458850062499999 0.890625 0.9165727171875 0.890625 0.7181510703125 0.91015625 0.6730552421875 0.9036458328125001 0.6561443062500001 0.8971354171874999 0.66290868125 0.8880208328125001 0.6595264937499999 0.8841145828125001 0.6516347234375 0.8684895828125001 0.6572717031249999 0.8606770828125001 0.668545659375 0.859375 0.6798196171875001 0.8723958328125001 0.7204058625 0.8697916671874999 0.9244644875000001 0.8606770828125001 0.9458850062499999
2 0.83203125 0.8534385562500001 0.8424479171874999 0.8545659531249999 0.8463541671874999 0.851183765625 0.8463541671874999 0.726042840625 0.84765625 0.7158962796874999 0.859375 0.70236753125 0.8606770828125001 0.6899661781249999 0.8463541671874999 0.6786922203125 0.83203125 0.6798196171875001 0.8216145828125001 0.6888387828125 0.8203125 0.6978579484375 0.83203125 0.7296133031250001 0.8294270828125001 0.8489289734375 0.83203125 0.8534385562500001
2 0.7630208328125 0.9255918828125 0.7669270828125 0.9323562578125 0.7838541671875 0.9289740703125 0.7864583328125 0.9346110484375 0.7942708328125 0.9244644875000001 0.7864583328125 0.9041713640625 0.7877604171875 0.729662909375 0.8020833328125001 0.70236753125 0.8033854171874999 0.6877113859375 0.7877604171875 0.6741826375 0.7721354171875 0.675310034375 0.7604166671875 0.6843292 0.7591145828125 0.69898534375 0.76953125 0.7181510703125 0.7682291671875 0.8985343859375 0.7630208328125 0.9255918828125
2 0.7252604171875 0.8387824125 0.734375 0.8387824125 0.73828125 0.7192784671875 0.74609375 0.6978579484375 0.7369791671875 0.6877113859375 0.7252604171875 0.6877113859375 0.7161458328125 0.6944757609375001 0.7161458328125 0.7068771140625 0.72265625 0.7181510703125 0.7213541671875 0.8320180390624999 0.7252604171875 0.8387824125
2 0.7018229171875 0.8038331453125 0.7018229171875 0.7880496046875 0.6953125 0.7767756484375 0.6953125 0.717023675 0.7005208328125 0.696730553125 0.69140625 0.6877113859375 0.6796875 0.6888387828125 0.6744791671875 0.69560315625 0.6796875 0.756482525 0.671875 0.80270575 0.6888020828125 0.8196166859374999 0.7018229171875 0.8038331453125
2 0.6380208328125 0.8139797062499999 0.65234375 0.7993235624999999 0.64453125 0.754227734375 0.6510416671875 0.696730553125 0.6419270828125 0.686583990625 0.6315104171875 0.686583990625 0.6236979171875 0.6944757609375001 0.6276041671875 0.762795940625 0.6197916671875 0.7959413750000001 0.62109375 0.80270575 0.6380208328125 0.8139797062499999
2 0.5872395828125 0.8196166859374999 0.5924479171875 0.8196166859374999 0.6067708328125 0.797068771875 0.6067708328125 0.7824126265625 0.5989583328125 0.7643742953125 0.6028645828125 0.6944757609375001 0.5885416671875 0.6877113859375 0.578125 0.7001127390625 0.5833333328125 0.7192784671875 0.5833333328125 0.754227734375 0.5755208328125 0.7959413750000001 0.5872395828125 0.8196166859374999
2 0.08854166718749999 0.9007891765625 0.08984375 0.9109357390625 0.09895833281250001 0.923337090625 0.11328125 0.9188275078125001 0.1432291671875 0.9222096953125 0.1458333328125 0.9041713640625 0.1315104171875 0.85682074375 0.1276041671875 0.7790304390625 0.1380208328125 0.717023675 0.1263020828125 0.70236753125 0.1184895828125 0.7001127390625 0.1145833328125 0.708004509375 0.09114583281250001 0.72378805 0.1002604171875 0.7880496046875 0.1002604171875 0.8481770015625001 0.09765625 0.8838782406249999 0.08854166718749999 0.9007891765625