0 0.1171875 0.2703125 0.15625 0.31953125
0 0.224335759375 0.9540294328125001 0.14204718125 0.4408988984375 0.07116664375000001 0.44230769375 0.0048995921875 0.965025059375 0.224335759375 0.9540294328125001
0 0.31576748593750004 0.38225539531249997 0.23043123125 0.4317358546875 0.1549761671875 0.44230769375 0.2487175296875 0.98151856875 0.34776856562499997 0.9448663875 0.33862541562500004 0.44822929375 0.31576748593750004 0.38225539531249997
0 0.419738071875 0.47893773125 0.4163423609375 0.772601109375 0.391960590625 0.8330772625 0.3675788203125 0.889888115625 0.3675788203125 0.98151856875 0.5870148703125 0.98151856875 0.5870148703125 0.842240309375 0.5260603859375 0.8074207078125 0.49253546718749996 0.7396143000000001 0.51996503125 0.48671412500000005 0.419738071875 0.47893773125
0 0.7851170609375 0.9320381796874999 0.734829565625 0.63698808125 0.6578333109375001 0.6369047640625001 0.6616841375 0.8129185906249999 0.6251114234374999 0.9925141953125 0.7973080046875001 0.9980120781249999 0.7851170609375 0.9320381796874999
0 0.635778528125 0.505040215625 0.8262612921875 0.505040215625 0.8125466250000001 0.385920628125 0.7470205078125 0.270466271875 0.7592114515625 0.034059678125 0.6647318140625 0.0450553375 0.6571125046875 0.12569012968749999 0.681494390625 0.2869597109375 0.6647318140625 0.38225539531249997 0.62053990625 0.40058148750000006 0.635778528125 0.505040215625
0 0.7149761671875 0.5155677671875 0.7058762765625 0.5930055765625 0.74854423125 0.6241598046875 0.7592114515625 0.7194554890625 0.769878440625 0.915544671875 0.8232136140625 0.9100467875 0.8247373359375001 0.651648940625 0.8536908562500001 0.6003358999999999 0.8567385328125001 0.519701075 0.7149761671875 0.5155677671875
0 0.5664047390625 0.5132783890625 0.6083489640625 0.51786849375 0.6174921140625 0.230148859375 0.658636459375 0.134853175 0.667779725 0.0065705421875 0.4833923171875 0.008403157812500001 0.5092979265625 0.17700316875 0.5428229625000001 0.2558053453125 0.556537628125 0.3675945390625 0.5672047328125001 0.429903203125 0.5664047390625 0.5132783890625
0 0.5656808953125 0.38225539531249997 0.5169172375 0.3236118921875 0.51996503125 0.195329259375 0.469677534375 0.1971619453125 0.469677534375 0.3181140796875 0.42700934999999995 0.384087978125 0.4254523578125 0.46978022187499996 0.57177625 0.47755107968750005 0.5656808953125 0.38225539531249997
0 0.3264344734375 0.3785901640625 0.3462447265625 0.49587717187499997 0.3625952140625 0.5956959734375 0.402627578125 0.5966706687500001 0.40872305000000003 0.36392930625000003 0.45596275156250005 0.2466422984375 0.4727252125 0.12569012968749999 0.4361526140625 0.10553149375 0.28224245 0.122024896875 0.2624323109375 0.20449230468750001 0.28376640468750003 0.268633621875 0.3111958515625 0.3199466609375 0.3264344734375 0.3785901640625
0 0.25176520625 0.15134672031250002 0.3051003796875 0.0908705640625 0.29443339218750003 0.050553221875 0.2624323109375 0.012068354687500001 0.1649051140625 0.03589229375 0.1786198953125 0.1183597 0.20640473906249998 0.3965201484375 0.23805054062500003 0.3950836734375 0.25176520625 0.15134672031250002