49 0.5170391082763672 0.4604522705078125 0.16120243072509766 0.1244114875793457
49 0.3958923816680908 0.578986930847168 0.1613905906677246 0.12277870178222657
49 0.5580563545227051 0.31293535232543945 0.1488241195678711 0.11416826248168946
49 0.6531165599822998 0.4030388355255127 0.1538066864013672 0.1154240608215332
49 0.7243682861328125 0.5235671043395996 0.18955516815185547 0.13773565292358397
49 0.31571030616760254 0.4758108615875244 0.16355810165405274 0.12287511825561523
49 0.5022129535675048 0.6945937633514404 0.16169633865356445 0.1277313232421875
49 0.7641433715820313 0.6570926666259765 0.18533611297607422 0.14680194854736328
49 0.5620557785034179 0.5821782112121582 0.15716819763183593 0.12460155487060547
49 0.4068595886230469 0.3683891773223877 0.16229076385498048 0.12627334594726564
