49 0.4833653450012207 0.4606194615364075 0.16057682037353516 0.12483079433441162
49 0.3472115993499756 0.4021001815795898 0.1542819023132324 0.1153651237487793
49 0.4969497203826904 0.6957149505615234 0.1633220672607422 0.12713279724121093
49 0.6026227951049805 0.5789789199829102 0.16072444915771483 0.12559833526611328
49 0.2363537073135376 0.6561548233032226 0.18528470993041993 0.1456758499145508
49 0.4413963794708252 0.3117176055908203 0.15102128982543944 0.11487207412719727
49 0.27762255668640134 0.5221771240234375 0.1885079860687256 0.1377870559692383
49 0.6836645126342773 0.47664785385131836 0.1632009506225586 0.12276077270507812
49 0.5927777290344238 0.387591814994812 0.16149539947509767 0.1659456729888916
49 0.4395008206367493 0.5815679550170898 0.16020371913909912 0.1263519287109375
